100 0.010101
0.000000 0.041242
0.010101 0.176626
0.020202 0.254343
0.030303 0.330611
0.040404 0.387167
0.050505 0.438539
0.060606 0.507825
0.070707 0.577242
0.080808 0.635348
0.090909 0.681777
0.101010 0.717335
0.111111 0.749316
0.121212 0.778407
0.131313 0.799797
0.141414 0.815495
0.151515 0.830994
0.161616 0.844595
0.171717 0.853899
0.181818 0.858905
0.191919 0.862785
0.202020 0.865629
0.212121 0.867529
0.222222 0.868574
0.232323 0.868855
0.242424 0.866901
0.252525 0.860818
0.262626 0.852249
0.272727 0.841840
0.282828 0.828779
0.292929 0.815445
0.303030 0.806421
0.313131 0.799133
0.323232 0.792066
0.333333 0.785494
0.343434 0.779688
0.353535 0.773240
0.363636 0.767177
0.373737 0.762988
0.383838 0.761503
0.393939 0.762350
0.404040 0.764687
0.414141 0.768044
0.424242 0.771949
0.434343 0.779362
0.444444 0.790843
0.454545 0.803811
0.464646 0.816100
0.474747 0.830111
0.484848 0.845183
0.494949 0.863147
0.505051 0.894209
0.515152 0.927692
0.525253 0.954499
0.535354 0.980373
0.545455 1.006648
0.555556 1.036788
0.565657 1.073771
0.575758 1.110401
0.585859 1.142409
0.595960 1.174843
0.606061 1.209253
0.616162 1.242894
0.626263 1.278763
0.636364 1.314847
0.646465 1.356532
0.656566 1.398849
0.666667 1.436109
0.676768 1.463492
0.686869 1.486474
0.696970 1.505042
0.707071 1.517021
0.717172 1.525095
0.727273 1.531286
0.737374 1.534979
0.747475 1.535561
0.757576 1.532730
0.767677 1.527052
0.777778 1.518877
0.787879 1.508808
0.797980 1.497449
0.808081 1.485405
0.818182 1.471927
0.828283 1.453018
0.838384 1.432190
0.848485 1.410575
0.858586 1.389305
0.868687 1.364928
0.878788 1.339854
0.888889 1.314553
0.898990 1.283901
0.909091 1.236926
0.919192 1.188796
0.929293 1.136597
0.939394 1.084603
0.949495 1.031483
0.959596 0.970836
0.969697 0.904778
0.979798 0.822880
0.989899 0.691349
1.000000 0.563636
