100
0.915286359158927
0.289247684380825
0.210395320824318
0.482476985038375
0.119131548697624
0.173305364245607
0.357475877019169
0.249002657652454
0.207239733263123
0.278855119464424
0.617407406494749
0.700850579567486
0.413756952129916
0.474861623162724
0.731534670874680
0.584597534314526
0.199174174573272
0.763872579485906
0.450595886515657
0.576976441730949
0.534107282444893
0.446852972028864
0.648507603098551
0.545362752360234
0.553041894614580
0.614544570093130
0.569512924008450
0.429919467522268
0.600706371129490
0.463746143868775
0.157906309050304
0.169835544333182
0.870518027324579
0.948200051494496
0.805605258312426
0.855544654561527
0.283341557675158
0.691980802668695
0.931815401949279
0.948819265900966
0.382240560848004
0.276786586455273
0.485080924554495
0.071702592624206
0.416497086604068
0.821133883448056
0.493948849765729
0.095052399963606
0.795418522266118
0.180898175356560
0.892015635305142
0.638455042808346
0.733079801986605
0.833677612619795
0.284278313803952
0.527829038317577
0.672346667284728
0.769122467070702
0.904837295569450
0.125331449602527
0.034181406936113
0.667849198962358
0.443444741380517
0.645643552987167
0.760638320618455
0.620658258339972
0.697134107900638
0.078204880894191
0.422890711219225
0.930905882858497
0.827235549910256
0.098407482219045
0.032621030310111
0.951741883105569
0.396849235639820
0.182592436616687
0.754370376514998
0.895073147043149
0.714082340073219
0.481262001685536
0.013056349431281
0.351250743478886
0.558824373481912
0.176722668362345
0.158760988007998
0.731911136488634
0.193938249893108
0.669436233405577
0.374297888727597
0.936599070686498
0.488686646149290
0.867165991399816
0.568942668385716
0.114396561057220
0.899049124105659
0.583118875689252
0.613054765475681
0.919261164759519
0.694204100262141
0.408993053217273
