100 5.858586
7.000000 15.000000
12.858585 64.240433
18.717171 92.507004
24.575758 120.246590
30.434343 140.816406
36.292931 159.500824
42.151516 184.700729
48.010101 209.948578
53.868687 231.082123
59.727272 247.968857
65.585861 260.901855
71.444443 272.533661
77.303032 283.114288
83.161613 290.893982
89.020203 296.603485
94.878784 302.240540
100.737373 307.187439
106.595963 310.571350
112.454544 312.392151
118.313133 313.803284
124.171715 314.837769
130.030304 315.528564
135.888885 315.908630
141.747467 316.010986
147.606064 315.300262
153.464645 313.087891
159.323227 309.971344
165.181824 306.185242
171.040405 301.434967
176.898987 296.585175
182.757568 293.303131
188.616165 290.652283
194.474747 288.082184
200.333328 285.691803
206.191925 283.580078
212.050507 281.234894
217.909088 279.029633
223.767670 277.506134
229.626266 276.966187
235.484848 277.274048
241.343430 278.124237
247.202026 279.345184
253.060608 280.765259
258.919189 283.461548
264.777771 287.637268
270.636353 292.353851
276.494934 296.823639
282.353546 301.919495
288.212128 307.401184
294.070709 313.934937
299.929291 325.232391
305.787872 337.410736
311.646454 347.160522
317.505035 356.571320
323.363647 366.127716
329.222229 377.089966
335.080811 390.540833
340.939392 403.863617
346.797974 415.505280
352.656555 427.301910
358.515137 439.817047
364.373749 452.052734
370.232330 465.098358
376.090912 478.222504
381.949493 493.383850
387.808075 508.774902
393.666656 522.326904
399.525238 532.286194
405.383850 540.644897
411.242432 547.398315
417.101013 551.755310
422.959595 554.691895
428.818176 556.943481
434.676758 558.286804
440.535339 558.498291
446.393951 557.468567
452.252533 555.403687
458.111115 552.430237
463.969696 548.767944
469.828278 544.636658
475.686859 540.256104
481.545441 535.353943
487.404053 528.476624
493.262634 520.901245
499.121216 513.039612
504.979797 505.303741
510.838379 496.437683
516.696960 487.317780
522.555542 478.115662
528.414124 466.967133
534.272705 449.881927
540.131287 432.376648
545.989868 413.391418
551.848511 394.480652
557.707092 375.160248
563.565674 353.102325
569.424255 329.076660
575.282837 299.289429
581.141418 251.450272
587.000000 205.000015
