500 0.002004
0.000000 0.030688
0.002004 0.045634
0.004008 0.067203
0.006012 0.082526
0.008016 0.088918
0.010020 0.095598
0.012024 0.102497
0.014028 0.109551
0.016032 0.116690
0.018036 0.123847
0.020040 0.130957
0.022044 0.137950
0.024048 0.145062
0.026052 0.155444
0.028056 0.165620
0.030060 0.175723
0.032064 0.185881
0.034068 0.196226
0.036072 0.206881
0.038076 0.217497
0.040080 0.228021
0.042084 0.238757
0.044088 0.250010
0.046092 0.262084
0.048096 0.274630
0.050100 0.284479
0.052104 0.294758
0.054108 0.305439
0.056112 0.316491
0.058116 0.327884
0.060120 0.339590
0.062124 0.351577
0.064128 0.363817
0.066132 0.375023
0.068136 0.385977
0.070140 0.397335
0.072144 0.408985
0.074148 0.420813
0.076152 0.432710
0.078156 0.444561
0.080160 0.456254
0.082164 0.467679
0.084168 0.478722
0.086172 0.490175
0.088176 0.502425
0.090180 0.514338
0.092184 0.525971
0.094188 0.537386
0.096192 0.548641
0.098196 0.559797
0.100200 0.570912
0.102204 0.582047
0.104208 0.592398
0.106212 0.602832
0.108216 0.613333
0.110220 0.623788
0.112224 0.634085
0.114228 0.644111
0.116232 0.653756
0.118236 0.662907
0.120240 0.671452
0.122244 0.680748
0.124249 0.690008
0.126253 0.698177
0.128257 0.705662
0.130261 0.712872
0.132265 0.720213
0.134269 0.728095
0.136273 0.735850
0.138277 0.743204
0.140281 0.750526
0.142285 0.757982
0.144289 0.765734
0.146293 0.773947
0.148297 0.782783
0.150301 0.792122
0.152305 0.798088
0.154309 0.804573
0.156313 0.811476
0.158317 0.818694
0.160321 0.826127
0.162325 0.833671
0.164329 0.841226
0.166333 0.848689
0.168337 0.855957
0.170341 0.862931
0.172345 0.869506
0.174349 0.875582
0.176353 0.881057
0.178357 0.885636
0.180361 0.889509
0.182365 0.893053
0.184369 0.896294
0.186373 0.899257
0.188377 0.901968
0.190381 0.904452
0.192385 0.906735
0.194389 0.908842
0.196393 0.910800
0.198397 0.912633
0.200401 0.914367
0.202405 0.916028
0.204409 0.917641
0.206413 0.919232
0.208417 0.920863
0.210421 0.922766
0.212425 0.924616
0.214429 0.926382
0.216433 0.928033
0.218437 0.929538
0.220441 0.930866
0.222445 0.931987
0.224449 0.932868
0.226453 0.933480
0.228457 0.933791
0.230461 0.933771
0.232465 0.933388
0.234469 0.932629
0.236473 0.931496
0.238477 0.929986
0.240481 0.928140
0.242485 0.925998
0.244489 0.923600
0.246493 0.920987
0.248497 0.918197
0.250501 0.915271
0.252505 0.912249
0.254509 0.909171
0.256513 0.906078
0.258517 0.903008
0.260521 0.900004
0.262525 0.897050
0.264529 0.894024
0.266533 0.890922
0.268537 0.887747
0.270541 0.884503
0.272545 0.881193
0.274549 0.877822
0.276553 0.874392
0.278557 0.870908
0.280561 0.867373
0.282565 0.863791
0.284569 0.860164
0.286573 0.856498
0.288577 0.852683
0.290581 0.847614
0.292585 0.842376
0.294589 0.837005
0.296593 0.831535
0.298597 0.826001
0.300601 0.820436
0.302605 0.814876
0.304609 0.809355
0.306613 0.803907
0.308617 0.798567
0.310621 0.794121
0.312625 0.789577
0.314629 0.784873
0.316633 0.780084
0.318637 0.775285
0.320641 0.770550
0.322645 0.765956
0.324649 0.761577
0.326653 0.757488
0.328657 0.753764
0.330661 0.750481
0.332665 0.747713
0.334669 0.745625
0.336673 0.744639
0.338677 0.743674
0.340681 0.742739
0.342685 0.741845
0.344689 0.741001
0.346693 0.740217
0.348697 0.739503
0.350701 0.738868
0.352705 0.738322
0.354709 0.737876
0.356713 0.737538
0.358717 0.737319
0.360721 0.737228
0.362725 0.737276
0.364729 0.737472
0.366733 0.737825
0.368737 0.738346
0.370741 0.739044
0.372746 0.739929
0.374750 0.741011
0.376754 0.742300
0.378758 0.743805
0.380762 0.745537
0.382766 0.747504
0.384770 0.750788
0.386774 0.756700
0.388778 0.763849
0.390782 0.772040
0.392786 0.781076
0.394790 0.790761
0.396794 0.800902
0.398798 0.811300
0.400802 0.821762
0.402806 0.832092
0.404810 0.842093
0.406814 0.851570
0.408818 0.862118
0.410822 0.874355
0.412826 0.886549
0.414830 0.898668
0.416834 0.910683
0.418838 0.922565
0.420842 0.934283
0.422846 0.945808
0.424850 0.957110
0.426854 0.978652
0.428858 0.999772
0.430862 1.020346
0.432866 1.040612
0.434870 1.053503
0.436874 1.063055
0.438878 1.072337
0.440882 1.081513
0.442886 1.090748
0.444890 1.100205
0.446894 1.110049
0.448898 1.120443
0.450902 1.131813
0.452906 1.145516
0.454910 1.160384
0.456914 1.175907
0.458918 1.191573
0.460922 1.206870
0.462926 1.221288
0.464930 1.234315
0.466934 1.244224
0.468938 1.252300
0.470942 1.260003
0.472946 1.267282
0.474950 1.274083
0.476954 1.280357
0.478958 1.286050
0.480962 1.291111
0.482966 1.295488
0.484970 1.299129
0.486974 1.301545
0.488978 1.302580
0.490982 1.303421
0.492986 1.304077
0.494990 1.304559
0.496994 1.304878
0.498998 1.305044
0.501002 1.305068
0.503006 1.304960
0.505010 1.304732
0.507014 1.304394
0.509018 1.303956
0.511022 1.303428
0.513026 1.302823
0.515030 1.302149
0.517034 1.301419
0.519038 1.300642
0.521042 1.299829
0.523046 1.298990
0.525050 1.298137
0.527054 1.297279
0.529058 1.296428
0.531062 1.295594
0.533066 1.294652
0.535070 1.293375
0.537074 1.292003
0.539078 1.290533
0.541082 1.288964
0.543086 1.287292
0.545090 1.285515
0.547094 1.283631
0.549098 1.281636
0.551102 1.279528
0.553106 1.277306
0.555110 1.274965
0.557114 1.272504
0.559118 1.269921
0.561122 1.267211
0.563126 1.264374
0.565130 1.259755
0.567134 1.254632
0.569138 1.249111
0.571142 1.243286
0.573146 1.237252
0.575150 1.231105
0.577154 1.224938
0.579158 1.218848
0.581162 1.212928
0.583166 1.207274
0.585170 1.202342
0.587174 1.197283
0.589178 1.192017
0.591182 1.186656
0.593186 1.181316
0.595190 1.176111
0.597194 1.171154
0.599198 1.166560
0.601202 1.162443
0.603206 1.158917
0.605210 1.156096
0.607214 1.154095
0.609218 1.153366
0.611222 1.152859
0.613226 1.152449
0.615230 1.152137
0.617234 1.151924
0.619238 1.151811
0.621242 1.151797
0.623246 1.151883
0.625250 1.152071
0.627254 1.152360
0.629259 1.152750
0.631263 1.153243
0.633267 1.153839
0.635271 1.154538
0.637275 1.155340
0.639279 1.156248
0.641283 1.157260
0.643287 1.158377
0.645291 1.159600
0.647295 1.160929
0.649299 1.162366
0.651303 1.163909
0.653307 1.165561
0.655311 1.167320
0.657315 1.169189
0.659319 1.171167
0.661323 1.174221
0.663327 1.179018
0.665331 1.184504
0.667335 1.190584
0.669339 1.197164
0.671343 1.204149
0.673347 1.211443
0.675351 1.218954
0.677355 1.226585
0.679359 1.234243
0.681363 1.241832
0.683367 1.249259
0.685371 1.256428
0.687375 1.263244
0.689379 1.273888
0.691383 1.285109
0.693387 1.296151
0.695391 1.307117
0.697395 1.318108
0.699399 1.329228
0.701403 1.340579
0.703407 1.353851
0.705411 1.375697
0.707415 1.398141
0.709419 1.420825
0.711423 1.443392
0.713427 1.459810
0.715431 1.475463
0.717435 1.491103
0.719439 1.506903
0.721443 1.523037
0.723447 1.539679
0.725451 1.548324
0.727455 1.556990
0.729459 1.566016
0.731463 1.575280
0.733467 1.584656
0.735471 1.594023
0.737475 1.603256
0.739479 1.612231
0.741483 1.620825
0.743487 1.628914
0.745491 1.636374
0.747495 1.643081
0.749499 1.650312
0.751503 1.661186
0.753507 1.668620
0.755511 1.673788
0.757515 1.677862
0.759519 1.681863
0.761523 1.684029
0.763527 1.686029
0.765531 1.687847
0.767535 1.689465
0.769539 1.690866
0.771543 1.692032
0.773547 1.692946
0.775551 1.693592
0.777555 1.693952
0.779559 1.694008
0.781563 1.693765
0.783567 1.693241
0.785571 1.692454
0.787575 1.691424
0.789579 1.690172
0.791583 1.688718
0.793587 1.687083
0.795591 1.685287
0.797595 1.683350
0.799599 1.681293
0.801603 1.679135
0.803607 1.676453
0.805611 1.673699
0.807615 1.670866
0.809619 1.667788
0.811623 1.664303
0.813627 1.660245
0.815631 1.655451
0.817635 1.649757
0.819639 1.642775
0.821643 1.633728
0.823647 1.623342
0.825651 1.611968
0.827655 1.599951
0.829659 1.587639
0.831663 1.575381
0.833667 1.563525
0.835671 1.550480
0.837675 1.536800
0.839679 1.523305
0.841683 1.509518
0.843687 1.494960
0.845691 1.479153
0.847695 1.463169
0.849699 1.446863
0.851703 1.429701
0.853707 1.411887
0.855711 1.393624
0.857715 1.375116
0.859719 1.356568
0.861723 1.343186
0.863727 1.330872
0.865731 1.318509
0.867735 1.306053
0.869740 1.293461
0.871743 1.280691
0.873748 1.267698
0.875751 1.254441
0.877756 1.240875
0.879759 1.226958
0.881764 1.213236
0.883768 1.199213
0.885772 1.184597
0.887776 1.169564
0.889780 1.154292
0.891784 1.138956
0.893788 1.123733
0.895792 1.108800
0.897796 1.094333
0.899800 1.080507
0.901804 1.067501
0.903808 1.053632
0.905812 1.039583
0.907816 1.026739
0.909820 1.014726
0.911824 1.003173
0.913828 0.991705
0.915832 0.979951
0.917836 0.967537
0.919840 0.954143
0.921844 0.942101
0.923848 0.929514
0.925852 0.916514
0.927856 0.903229
0.929860 0.889788
0.931864 0.876322
0.933868 0.862958
0.935872 0.849828
0.937876 0.837060
0.939880 0.824784
0.941884 0.803960
0.943888 0.782225
0.945892 0.761243
0.947896 0.740324
0.949900 0.718778
0.951904 0.700028
0.953908 0.682271
0.955912 0.664131
0.957916 0.645928
0.959920 0.627983
0.961924 0.610616
0.963928 0.594147
0.965932 0.566811
0.967936 0.540869
0.969940 0.513563
0.971944 0.483778
0.973948 0.452437
0.975952 0.419241
0.977956 0.387291
0.979960 0.359597
0.981964 0.335782
0.983968 0.314456
0.985972 0.295023
0.987976 0.276887
0.989980 0.239664
0.991984 0.206483
0.993988 0.176496
0.995992 0.140343
0.997996 0.098596
1.000000 0.067514
