1000
0.610211427546842
0.507238495957883
0.185142811025397
0.332663145354903
0.238558976693786
0.959553057430441
0.655412280973812
0.279790398668420
0.651092064499718
0.431081694826036
0.475603476599350
0.207409808673773
0.694838712024545
0.678963447873917
0.964716124269819
0.814896614951243
0.056855421272011
0.092361623731805
0.806158176296717
0.715019694818053
0.253031385087244
0.323210644923250
0.660212672023560
0.633886861179677
0.850346087119510
0.556091240613027
0.832804412281709
0.485848985105103
0.859542731690864
0.285443903934126
0.880038923205078
0.790375307049704
0.795275717756938
0.430932364231539
0.657919314052770
0.477583589221819
0.496714193799901
0.297803431702173
0.742468422408528
0.099447464859452
0.127466626698950
0.853617821452095
0.496971458885384
0.578772352972257
0.108879961321982
0.210523148164641
0.323929707224468
0.792308765814496
0.455542597716799
0.111183031680228
0.234397761421258
0.761794933011704
0.135004437234274
0.973854498743864
0.485168092220945
0.426436424400816
0.936117944077207
0.343079035102180
0.186433636973072
0.680617883786219
0.175010102034574
0.252261778892231
0.421409599299637
0.746561983911590
0.895137341388636
0.728197173939375
0.446006252552059
0.802242461748706
0.576452759889467
0.558802179612586
0.743968237067627
0.170594329635151
0.477750172205245
0.704955587163847
0.806650813994393
0.813204476461539
0.275453356786763
0.716978729395447
0.767728104962909
0.793791676650512
0.792091843754097
0.871022957877998
0.291349794836519
0.843206295403228
0.277512275646851
0.841542981477066
0.645154373790028
0.795674074542020
0.881063223379769
0.398315231764302
0.215668872806467
0.791188242325735
0.753682962507883
0.285514999175579
0.577149722178427
0.354467555961386
0.206580261296431
0.418618665546578
0.307390037935230
0.209894645693727
0.936333979165361
0.572173199155251
0.771734719550780
0.196544113967447
0.542134993332195
0.033735468485231
0.682949565291108
0.486717086888331
0.573998203206178
0.266372315409583
0.901144679483469
0.881565027284400
0.464820251746635
0.884097017814633
0.427185190127616
0.398654452013779
0.223837258140254
0.397520832372179
0.112918148288775
0.726373512110036
0.941861774107480
0.072743426505817
0.849859802988929
0.420003833168859
0.791477354401562
0.585250374349310
0.163422373417486
0.849543410969953
0.245741819029057
0.943901044669104
0.105108857347305
0.280176967871670
0.599639045256702
0.569132937775993
0.511592019044117
0.713500389291202
0.870335557142423
0.534122510535709
0.745537431455900
0.748752792957561
0.619163021944134
0.241714534299205
0.680396133159088
0.122756009644468
0.717122283405408
0.525786813743181
0.753481805496321
0.559138564395197
0.719728335111932
0.338805275269402
0.142340446899676
0.506279291385487
0.169496698412994
0.896403178419389
0.293522504572918
0.833486212017918
0.544529805328045
0.825060323246491
0.147659692462581
0.838513037687783
0.594067257504860
0.654941654674247
0.597966104845792
0.221021067852332
0.906710387914884
0.313729739425656
0.707686073175573
0.126246675848073
0.963019698177147
0.505881607701874
0.855990637628418
0.719687889557658
0.170311529668932
0.679260383974457
0.913333019601828
0.822109127705241
0.073332765015075
0.789544599724559
0.667756622692989
0.312452500187354
0.729329708680814
0.370230145047398
0.430543059378725
0.278282165948452
0.816168460618157
0.597861726965400
0.833447204688860
0.523436276154353
0.107486367585260
0.576626886206160
0.835090883209921
0.344890416673155
0.429153062389229
0.938477277814941
0.357073777963402
0.493322130464164
0.360964383555484
0.940544793643985
0.832512748501640
0.518810933743670
0.692699582115465
0.517262806564095
0.842454122258999
0.469624816914989
0.088273447016167
0.179778059885793
0.647863164541840
0.743087762835118
0.494655778889410
0.492269001262557
0.973653492053658
0.653476416679347
0.353599200611466
0.509438209407544
0.835562585389000
0.099930950840696
0.531388391064935
0.410731403599297
0.586114284113772
0.379084089296657
0.099608880640334
0.383338311031701
0.357322061612487
0.823515322266913
0.444594204253911
0.160267399149387
0.773465687325492
0.700504280854814
0.646049003690424
0.664129783048338
0.802933638549811
0.700892432561799
0.485168092220945
0.076419417456382
0.379248127523770
0.261665642249069
0.525363582933128
0.735070780498101
0.569890971997153
0.843614019745375
0.469770692074045
0.714666979875920
0.865678466349505
0.872141025943479
0.656013383521569
0.374026858712799
0.290520794676184
0.763768734496513
0.806249390026218
0.812268043924426
0.752401389835895
0.879839742426653
0.149527656143324
0.598331595739070
0.555803776570093
0.369941002514063
0.965348522020226
0.820094685737369
0.546215670168213
0.852992575541346
0.303533022347496
0.513161204124292
0.738029046838757
0.502116128308328
0.548070161658268
0.805392257794231
0.673998895792736
0.801624363157083
0.571804254046658
0.972797980749878
0.181526803406773
0.448939872158272
0.284272382456038
0.143504248278410
0.257940212421708
0.814233989763244
0.147463951893241
0.905153515409387
0.326417591839194
0.832337903965185
0.587923437434467
0.737096567027772
0.937201653691868
0.294505126927802
0.895246991647336
0.197649042612235
0.210060080467712
0.857489928347676
0.519796481635447
0.301884624452397
0.725192002748592
0.490677079911256
0.682435537385536
0.434838934628267
0.209067048765918
0.229068631492377
0.774078556030623
0.480407446850781
0.437431212479890
0.294322926764835
0.651799929080479
0.260918716910245
0.353516511959140
0.837122126803112
0.813682285419773
0.179984124794762
0.660993090527103
0.329043214863721
0.342955599599945
0.194296843310435
0.350169577805086
0.758057436383121
0.759492167030325
0.614103304373630
0.716999243729949
0.311565108039135
0.651092064499718
0.555253026329259
0.366054862758916
0.862736797789172
0.456091564232275
0.306023009026255
0.711250222902501
0.727884098421554
0.509719087311088
0.753170765630194
0.176779173080451
0.201857010051122
0.806596066341174
0.460869231916517
0.762410861356206
0.679655875746189
0.334911440685305
0.847823668331682
0.244650343961541
0.054424968435590
0.811497663834858
0.385736907627864
0.831194553014998
0.434171189174897
0.788569769104046
0.892368072533995
0.916211003436893
0.578572290826945
0.467183666502989
0.968948609873459
0.137699311965404
0.460057708818078
0.184666551134295
0.591486307690561
0.412432650539869
0.329164793720917
0.244881728358218
0.850071058511061
0.610343756195334
0.673319392419220
0.463429796087698
0.647915719654526
0.053624525459896
0.457545798157745
0.808861142284194
0.508010642348731
0.187315319185071
0.633781084382458
0.213989383791547
0.437259320840581
0.557097992771796
0.230506632846397
0.516278001260315
0.224491620326905
0.621335649570251
0.621786069795998
0.616354740227694
0.212439283061142
0.568913110577876
0.132101100168873
0.856518088903559
0.782456751392763
0.485872456502884
0.351780555095683
0.780907191639107
0.751924447779722
0.152142833171373
0.682411040258639
0.898070232041972
0.396988964342247
0.469794998267093
0.380231701409689
0.475364264585625
0.471491985977326
0.746971205570259
0.675803968827929
0.682729363781652
0.357156538164814
0.645338599377779
0.826575850034108
0.187315319185071
0.331155112262935
0.317316689850657
0.472602578538089
0.583021498515503
0.402632228563989
0.260443876556718
0.723273575586431
0.598096607238134
0.894808872234237
0.454174627974222
0.197916719743846
0.600398792780474
0.636582989551790
0.740642339634321
0.844022576724753
0.952510691522660
0.172530420315542
0.829460108379040
0.642889574256395
0.506021964314251
0.593033088387129
0.153934700727691
0.125896622205543
0.610052638239777
0.151261368469077
0.500105083685682
0.587362101329279
0.755399395633927
0.679754673760027
0.284769035507267
0.627534365500991
0.241516993985570
0.853423516689056
0.840394365023132
0.635737403184784
0.684219068528714
0.442445756518033
0.225505563073607
0.756693074282758
0.847219380669947
0.219906408773084
0.539128934407693
0.216129469209795
0.160341285742942
0.208636419300364
0.111425481305501
0.537001904454092
0.459854172785742
0.249625765003299
0.378468673759048
0.490021369813084
0.877123371114094
0.743818496744104
0.631109202895189
0.700938055535428
0.174034699484117
0.380231701409689
0.739716553911482
0.499146331723489
0.418784206110330
0.365599787424375
0.888753738209290
0.118863141948706
0.527762672018387
0.153135680699067
0.367750558365251
0.532849354639597
0.931245105027765
0.864156653958293
0.777015817162895
0.054026161737437
0.885840211230065
0.079583837609503
0.226911459948040
0.476320271814785
0.135087920954416
0.336180970072809
0.445840588425078
0.556618465050280
0.629521137775616
0.958879470137456
0.494632384374831
0.207807775267291
0.592981442122646
0.061949724277099
0.634574327950045
0.933906175637768
0.534547072245778
0.989734826081278
0.714459191258757
0.516090450157379
0.246039786577931
0.932254129512860
0.706548345190624
0.948282719700668
0.339256774093119
0.219020622439574
0.715351059944395
0.541803338156678
0.520125064828731
0.734706403123452
0.361668085524705
0.227695963422638
0.227074906608637
0.546595869192727
0.251693571099619
0.826975089453485
0.675703951236623
0.742505985315641
0.476415749461903
0.761505006576360
0.591203314023831
0.271187247195621
0.725389191597640
0.709887998612746
0.847594221009234
0.709823784643571
0.776745563691362
0.412742963855544
0.201456957907781
0.864018840424131
0.751740873340972
0.580150453978682
0.788425379614456
0.661175074418554
0.206447477177046
0.409080401660116
0.100358812403006
0.880662796663017
0.765613806276903
0.825173701335111
0.562099143161773
0.508876501076490
0.766806749653632
0.929147620920616
0.234234161095751
0.789057140514731
0.713834442315713
0.497485971916276
0.603315681385597
0.482132067295382
0.852155570733495
0.434083890257000
0.357653120688267
0.831736540664934
0.978878129778750
0.672360670444287
0.465930870633744
0.814233989763244
0.761976111739035
0.192582455450566
0.821567079222475
0.151261368469077
0.754560006971799
0.461121987006263
0.412121673098790
0.921904158002762
0.088455263515484
0.258615847699053
0.547451706940745
0.815688915984687
0.647416377208739
0.702777766291046
0.425491691163019
0.790303059869860
0.373449861539543
0.715702499558142
0.758675215217860
0.871522197621962
0.263264432372104
0.667859018949629
0.381295952592728
0.192414194776372
0.597861726965400
0.630871027426254
0.932533854623109
0.715929554443185
0.708164297465458
0.501110595271491
0.890922533551107
0.793447979942877
0.927587480287177
0.317238292970739
0.545954344699391
0.290953051878033
0.886978331799262
0.539483692547514
0.570503266997937
0.942318553567662
0.922293536857909
0.203389215617800
0.373037571998539
0.784926045321693
0.701757722537343
0.715268273204773
0.764564872251489
0.664517145249465
0.769118480071655
0.707337110269958
0.815836426126265
0.380600252428896
0.721899567996795
0.828903697982447
0.913210322136447
0.814325983169090
0.804809026612878
0.173231063534800
0.091430317460451
0.800043953662176
0.416886471166969
0.322532885376556
0.393409497328129
0.820988591695231
0.833252254269572
0.742224178020759
0.951985266265304
0.558850227550436
0.956802918726117
0.144023728305547
0.799717172139622
0.637718851767349
0.513606304909337
0.872403848968193
0.497369038615498
0.316377171343190
0.817276612724609
0.569621838886440
0.371056043243655
0.702189032236498
0.107285918631600
0.710037704735179
0.611084867638721
0.812212992907522
0.590740621860036
0.415032713883791
0.473541436759791
0.541234952089287
0.290196972429355
0.822595895971853
0.898377818188944
0.947458544459391
0.093053953409761
0.147659692462581
0.738067055497093
0.395536136563277
0.731893319630234
0.876756101826274
0.683340679433477
0.681060934768535
0.945798124488167
0.375920904599178
0.454465018801061
0.714188722085793
0.783357818324168
0.664800990194413
0.888098634739504
0.233645289892025
0.526868672154577
0.568498171812445
0.983755803295246
0.775574375793025
0.864455552994557
0.722836595593559
0.184700582099932
0.132101100168873
0.551572548462308
0.853057142478843
0.869980920013569
0.904511929218027
0.104442482775977
0.945200019702279
0.473733729640897
0.560822286545420
0.474045994999383
0.738731556054517
0.241681607788541
0.559378911254452
0.720615939970784
0.581508000963887
0.720535421540532
0.859475339735507
0.487256387098271
0.839091775021135
0.831814059573058
0.356866881899973
0.465610533530135
0.592233245956567
0.206049032562988
0.152563368870446
0.227728648847464
0.804973032167423
0.783754328855642
0.805009480843987
0.931279769745908
0.947869419512770
0.901059280364071
0.015846035452035
0.741189184603193
0.452927715963373
0.729076185796422
0.439966051499425
0.664439700609032
0.011929025054645
0.197615577917614
0.103513344785709
0.264014277361933
0.703342257260461
0.394611596559881
0.794135435667458
0.873651062733028
0.483592900815808
0.691610821459608
0.174836143419186
0.115992834542654
0.565652465226592
0.775790606047948
0.465585875232336
0.471516167038965
0.388794448270661
0.481801715348623
0.118541854102459
0.151184581818605
0.500058315492984
0.005586911790826
0.732453947448791
0.816094658810040
0.245477064357750
0.685386836833551
0.329529723413545
0.807490595532470
0.236689806945295
0.523812240394182
0.664491331912461
0.066638529430772
0.722776927326279
0.272259191635904
0.979958898348736
0.794008780303591
0.336426808421921
0.461701883947286
0.706262277187083
0.528021510309058
0.765017071434140
0.225243932640867
0.616937548037870
0.402227853785638
0.586241462132186
0.209398172206320
0.972668513943246
0.873434630691215
0.788930776535080
0.330301084451454
0.709480758467759
0.762682523025352
0.911228491068687
0.816279180878109
0.441772058809807
0.888046347478059
0.085496688241871
0.833115874363938
0.802187911383379
0.790140511909629
0.682190485722411
0.611190750541294
0.818943149428654
0.501975818866332
0.987001388388550
0.740830996394733
0.304134731518809
0.878600899751682
0.647784328674995
0.409574197663315
0.572419346271071
0.233547158377474
0.165741558818561
0.973653492053658
0.162326908415064
0.786224333865639
0.197448237592691
0.725408904523402
0.399929332065985
0.094310048027811
0.306440048394192
0.516653133000180
0.955101772219051
0.115054332404254
0.944174690269840
0.948407197069344
0.722617717644758
0.711841844340225
0.757766559839945
0.601395863901692
0.465980116932007
0.990908275850264
0.798791652626286
0.131676557996467
0.204054747764560
0.735626185677688
0.454253879168281
0.915401413757765
0.087050992663260
0.728588120915415
0.626713390848468
0.745350916210417
0.789364049036257
0.858512765625340
0.262107437836369
0.259258409728507
0.190830819694116
0.687131461684997
0.378140291361797
0.795674074542020
0.417854896147119
0.715185450135773
0.074928579394430
0.797431543099737
0.747064162879358
0.451241067414767
0.776349177920677
0.873002482241481
0.755891598606564
0.406372168166055
0.711947276940216
0.712851413745000
0.057140164940344
0.407375168527433
0.618341687167613
0.748437806495547
0.655386139532287
0.795873286032222
0.369197312086233
0.507636255863673
0.488100250238648
0.674626796943224
0.817664965817482
0.827032172309269
0.096497037776276
0.502139513294368
0.118219902158349
0.775304078431078
0.608517983564789
0.446116627599638
0.738200054085823
0.592826539398845
0.276289876668227
0.686623461018901
0.923533314279346
0.501087211279052
0.941672265264058
0.440955428000279
0.457390655532698
0.724105520303283
0.585860030103662
0.033892038310989
0.583147864939895
0.542917034001803
0.577199551868528
0.819369980170168
0.563305407791468
0.836271931603261
0.486834344394574
0.573084679876064
0.713897010952490
0.701371035100357
0.733129330175995
0.692864820341224
0.835779095750900
0.673067365126666
0.793502243888895
0.424185411817918
0.105720553808721
0.083721132375603
0.797413415820589
0.800062110197215
0.884020538549518
0.606455421056574
0.200289310199351
0.716362269345932
0.123469079516496
0.502583832320043
0.591254754039503
0.236951975916862
0.636952855696377
0.004359378685354
0.130354594410515
0.886201448323694
0.329326948910174
0.350458651914441
0.942089811082750
0.358605006015661
0.006332880134366
0.599455810288782
0.729641481949307
0.561279819566481
0.739224390448263
0.527597968163083
0.889728489276575
0.169780422364601
0.842170227884623
0.626554482453180
0.673042151891811
0.247498377351249
0.775772587049455
0.514145179570519
0.851578653777764
0.472289074461240
0.356742747306372
0.280352781567520
0.408372070934826
0.527927384756089
0.662913814854465
0.224753315187958
0.608808988032433
0.477369320712431
0.117296140926339
0.427371438762428
0.561496626328702
0.077949415627233
0.174174233833373
0.622660393362964
0.330707585312820
0.640252909718393
0.453300186916306
0.483616436555103
0.751502114064888
0.465980116932007
0.812910578668863
0.732086744820861
0.675578885333525
0.760054573497052
0.843124847207569
0.863651767875320
0.164222294790218
0.519819950746447
0.170028414181173
0.570331736214232
0.418287054188562
0.755399395633927
0.773357525489334
0.586877863451737
0.894781532313202
0.567377292919298
0.257332801308899
0.199521310374367
0.806176418480160
0.873989220874958
0.293558843040861
0.677723260769554
0.838772289295587
0.320151632622976
0.686550832648949
0.018377647689167
0.593937857472084
0.296773444735614
0.522003334324873
0.771897032085313
0.758675215217860
0.690659910716962
0.773483713991758
0.569426211652818
0.771987202647470
0.747101340870747
0.711207872901616
0.600923350657900
0.835582259911233
0.536364286765249
0.299540345160121
0.943473085100556
0.165236268382849
0.079042882475656
0.420953254392562
0.219283135928939
0.440588429727763
0.390583583244705
0.707555327391841
0.936984201459495
0.705798764429320
0.234561373470300
0.293304562195196
0.687179806443831
0.483545827008519
0.443954539242508
0.690540769063610
0.546762239548409
0.697097920514300
0.960821202202413
0.073989935290256
0.707118509952588
0.963784589994337
0.751630692565983
0.587719235102874
0.117157065959264
0.886434110367624
0.654837048373277
0.798664661356683
0.906121082540278
0.656770884442566
0.575384790506523
0.635023748248331
0.801061045089003
0.809044012408898
0.802897251320950
0.610661360628194
