500 1.174349
3.000000 10.000000
4.174349 14.870333
5.348698 21.898516
6.523046 26.891781
7.697395 28.974648
8.871743 31.151230
10.046092 33.399624
11.220441 35.697929
12.394790 38.024246
13.569139 40.356667
14.743487 42.673294
15.917836 44.952221
17.092184 47.269627
18.266533 50.652546
19.440882 53.968716
20.615231 57.260632
21.789579 60.570789
22.963928 63.941689
24.138277 67.413879
25.312626 70.873047
26.486975 74.302322
27.661324 77.800850
28.835672 81.467804
30.010021 85.402328
31.184368 89.490440
32.358719 92.699631
33.533066 96.049278
34.707417 99.529663
35.881763 103.131073
37.056114 106.843788
38.230461 110.658096
39.404812 114.564270
40.579159 118.552597
41.753506 122.204155
42.927856 125.773735
44.102203 129.474854
45.276554 133.270950
46.450901 137.125473
47.625252 141.001892
48.799599 144.863632
49.973949 148.674133
51.148296 152.396881
52.322647 155.995285
53.496994 159.727371
54.671345 163.719376
55.845692 167.601120
57.020042 171.392044
58.194389 175.111588
59.368736 178.779190
60.543087 182.414276
61.717434 186.036285
62.891785 189.664642
64.066132 193.037582
65.240479 196.437775
66.414833 199.859512
67.589180 203.266281
68.763527 206.621582
69.937874 209.888901
71.112228 213.031754
72.286575 216.013626
73.460922 218.798004
74.635269 221.827347
75.809624 224.844696
76.983971 227.506516
78.158318 229.945663
79.332664 232.294968
80.507011 234.687286
81.681366 237.255493
82.855713 239.782822
84.030060 242.178955
85.204407 244.565094
86.378761 246.994583
87.553108 249.520706
88.727455 252.196808
89.901802 255.076187
91.076157 258.119415
92.250504 260.063293
93.424850 262.176483
94.599197 264.425842
95.773552 266.778076
96.947899 269.200043
98.122246 271.658508
99.296593 274.120209
100.470940 276.552002
101.645294 278.920654
102.819641 281.192902
103.993988 283.335602
105.168335 285.315521
106.342690 287.099426
107.517036 288.591766
108.691383 289.853821
109.865730 291.008667
111.040085 292.064667
112.214432 293.030182
113.388779 293.913452
114.563126 294.722900
115.737473 295.466827
116.911827 296.153534
118.086174 296.791382
119.260521 297.388702
120.434868 297.953796
121.609222 298.495056
122.783569 299.020752
123.957916 299.539246
125.132263 300.070496
126.306618 300.690765
127.480965 301.293671
128.655319 301.869171
129.829666 302.407166
131.004013 302.897583
132.178360 303.330353
133.352707 303.695404
134.527054 303.982635
135.701401 304.182007
136.875748 304.283417
138.050095 304.276794
139.224457 304.152039
140.398804 303.904785
141.573151 303.535431
142.747498 303.043488
143.921844 302.442047
145.096191 301.744080
146.270538 300.962677
147.444885 300.110901
148.619247 299.201752
149.793594 298.248322
150.967941 297.263641
152.142288 296.260773
153.316635 295.252747
154.490982 294.252594
155.665329 293.273407
156.839676 292.310944
158.014023 291.324982
159.188385 290.314117
160.362732 289.279541
161.537079 288.222443
162.711426 287.143982
163.885773 286.045380
165.060120 284.927826
166.234467 283.792450
167.408813 282.640503
168.583176 281.473145
169.757523 280.291534
170.931870 279.096893
172.106216 277.853668
173.280563 276.201813
174.454910 274.495148
175.629257 272.744965
176.803604 270.962494
177.977951 269.158966
179.152313 267.345703
180.326660 265.533844
181.501007 263.734711
182.675354 261.959564
183.849701 260.219574
185.024048 258.770691
186.198395 257.290131
187.372742 255.757294
188.547104 254.196686
189.721451 252.632767
190.895798 251.090012
192.070145 249.592896
193.244492 248.165894
194.418839 246.833466
195.593185 245.620102
196.767532 244.550262
197.941879 243.648422
199.116241 242.967957
200.290588 242.646667
201.464935 242.332153
202.639282 242.027618
203.813629 241.736237
204.987976 241.461212
206.162323 241.205704
207.336670 240.972916
208.511032 240.766037
209.685379 240.588257
210.859726 240.442764
212.034073 240.332733
213.208420 240.261368
214.382767 240.231827
215.557114 240.247330
216.731461 240.311050
217.905807 240.426178
219.080170 240.595901
220.254517 240.823410
221.428864 241.111877
222.603210 241.464508
223.777557 241.884476
224.951904 242.374969
226.126251 242.939194
227.300598 243.580322
228.474945 244.650238
229.649307 246.576843
230.823654 248.906479
231.998001 251.575378
233.172348 254.519791
234.346695 257.675995
235.521042 260.980255
236.695389 264.368774
237.869736 267.777893
239.044098 271.143799
240.218445 274.402771
241.392792 277.491058
242.567139 280.928070
243.741486 284.915771
244.915833 288.889038
246.090179 292.838196
247.264526 296.753510
248.438873 300.625244
249.613235 304.443695
250.787582 308.199188
251.961929 311.881927
253.136276 318.901703
254.310623 325.783875
255.484970 332.488037
256.659332 339.091888
257.833679 343.292297
259.008026 346.404907
260.182373 349.429596
261.356720 352.419861
262.531067 355.429108
263.705414 358.510803
264.879761 361.718384
266.054108 365.105255
267.228455 368.810364
268.402802 373.275513
269.577148 378.120514
270.751495 383.178711
271.925842 388.283539
273.100189 393.268372
274.274567 397.966553
275.448914 402.211487
276.623260 405.440338
277.797607 408.072113
278.971954 410.582275
280.146301 412.954010
281.320648 415.170380
282.494995 417.214539
283.669342 419.069641
284.843689 420.718811
286.018036 422.145142
287.192383 423.331787
288.366730 424.118958
289.541077 424.456360
290.715424 424.730194
291.889771 424.943939
293.064117 425.101013
294.238495 425.204895
295.412842 425.259003
296.587189 425.266846
297.761536 425.231873
298.935883 425.157501
300.110229 425.047211
301.284576 424.904449
302.458923 424.732666
303.633270 424.535339
304.807617 424.315918
305.981964 424.077850
307.156311 423.824615
308.330658 423.559631
309.505005 423.286346
310.679352 423.008270
311.853699 422.728821
313.028046 422.451477
314.202423 422.179688
315.376770 421.872864
316.551117 421.456665
317.725464 421.009552
318.899811 420.530701
320.074158 420.019287
321.248505 419.474487
322.422852 418.895447
323.597198 418.281372
324.771545 417.631378
325.945892 416.944672
327.120239 416.220398
328.294586 415.457733
329.468933 414.655823
330.643280 413.813873
331.817627 412.931030
332.991974 412.006439
334.166351 410.501251
335.340698 408.832031
336.515045 407.032867
337.689392 405.134766
338.863739 403.168640
340.038086 401.165405
341.212433 399.155975
342.386780 397.171295
343.561127 395.242279
344.735474 393.399872
345.909821 391.792999
347.084167 390.144440
348.258514 388.428223
349.432861 386.681488
350.607208 384.941406
351.781555 383.245178
352.955902 381.630005
354.130280 380.133026
355.304626 378.791473
356.478973 377.642487
357.653320 376.723267
358.827667 376.071014
360.002014 375.833740
361.176361 375.668274
362.350708 375.534668
363.525055 375.433105
364.699402 375.363739
365.873749 375.326752
367.048096 375.322266
368.222443 375.350494
369.396790 375.411560
370.571136 375.505646
371.745483 375.632904
372.919830 375.793488
374.094208 375.987610
375.268555 376.215393
376.442902 376.476990
377.617249 376.772583
378.791595 377.102356
379.965942 377.466431
381.140289 377.864990
382.314636 378.298187
383.488983 378.766205
384.663330 379.269196
385.837677 379.807312
387.012024 380.380737
388.186371 380.989624
389.360718 381.634125
390.535065 382.629425
391.709412 384.192627
392.883759 385.980255
394.058136 387.961517
395.232483 390.105560
396.406830 392.381531
397.581177 394.758606
398.755524 397.205963
399.929871 399.692719
401.104218 402.188019
402.278564 404.661102
403.452911 407.081055
404.627258 409.417053
405.801605 411.638275
406.975952 415.106781
408.150299 418.763062
409.324646 422.361176
410.498993 425.934479
411.673340 429.516235
412.847687 433.139801
414.022064 436.838501
415.196411 441.163300
416.370758 448.281982
417.545105 455.595520
418.719452 462.987366
419.893799 470.340851
421.068146 475.690887
422.242493 480.791534
423.416840 485.887787
424.591187 491.036346
425.765533 496.293823
426.939880 501.716888
428.114227 504.533875
429.288574 507.357605
430.462921 510.298950
431.637268 513.317566
432.811615 516.373108
433.985992 519.425354
435.160339 522.433960
436.334686 525.358582
437.509033 528.158936
438.683380 530.794739
439.857727 533.225647
441.032074 535.411316
442.206421 537.767334
443.380768 541.310852
444.555115 543.733398
445.729462 545.417236
446.903809 546.744812
448.078156 548.048767
449.252502 548.754456
450.426849 549.406250
451.601196 549.998596
452.775543 550.525757
453.949890 550.982178
455.124268 551.362244
456.298615 551.660278
457.472961 551.870728
458.647308 551.987915
459.821655 552.006226
460.996002 551.927124
462.170349 551.756287
463.344696 551.499756
464.519043 551.164185
465.693390 550.756226
466.867737 550.282471
468.042084 549.749634
469.216431 549.164307
470.390778 548.533142
471.565125 547.862732
472.739471 547.159729
473.913818 546.285583
475.088196 545.388367
476.262543 544.465088
477.436890 543.462280
478.611237 542.326477
479.785583 541.004272
480.959930 539.442200
482.134277 537.586792
483.308624 535.311646
484.482971 532.363342
485.657318 528.979248
486.831665 525.272644
488.006012 521.356812
489.180359 517.345093
490.354706 513.350769
491.529053 509.487183
492.703400 505.236298
493.877747 500.778564
495.052124 496.381256
496.226471 491.888611
497.400818 487.144745
498.575165 481.993896
499.749512 476.785339
500.923859 471.472046
502.098206 465.879730
503.272552 460.074799
504.446899 454.123657
505.621246 448.092743
506.795593 442.048492
507.969940 437.687958
509.144287 433.675354
510.318634 429.646667
511.492981 425.587830
512.667358 421.484772
513.841675 417.323425
515.016052 413.089783
516.190369 408.769745
517.364746 404.349243
518.539063 399.814270
519.713440 395.342682
520.887756 390.773132
522.062134 386.010376
523.236450 381.111969
524.410828 376.135376
525.585205 371.138092
526.759521 366.177612
527.933899 361.311462
529.108215 356.597107
530.282593 352.092041
531.456909 347.853790
532.631287 343.334534
533.805603 338.756622
534.979980 334.571198
536.154297 330.656769
537.328674 326.891876
538.502991 323.155029
539.677368 319.324799
540.851685 315.279694
542.026062 310.915253
543.200378 306.991119
544.374756 302.889801
545.549133 298.653503
546.723450 294.324402
547.897827 289.944641
549.072144 285.556458
550.246521 281.201965
551.420837 276.923370
552.595215 272.762848
553.769531 268.762573
554.943909 261.976929
556.118225 254.894302
557.292603 248.057205
558.466919 241.240677
559.641296 234.219772
560.815613 228.109756
561.989990 222.323456
563.164307 216.412369
564.338684 210.480865
565.513062 204.633331
566.687378 198.974167
567.861755 193.607742
569.036072 184.699799
570.210449 176.246475
571.384766 167.348694
572.559143 157.643066
573.733459 147.430283
574.907837 136.613022
576.082153 126.201881
577.256531 117.177719
578.430847 109.417160
579.605225 102.467911
580.779541 96.135635
581.953918 90.225990
583.128235 78.096367
584.302612 67.284081
585.476990 57.512566
586.651306 45.731800
587.825684 32.128399
589.000000 21.999964
